
0.992442 0.992441 0.99244 0.992439 0.992438 0.992437 0.992436 0.992435 0.992434 0.992433 0.992432 0.992431 0.99243 0.992429 0.992427 0.992426 0.992424 0.992422 0.992419 0.992416 0.992412 0.992406 0.992398 0.992385 0.992365 0.992332 0.992274 0.992167 0.991953 0.991495 0.990417 0.987527 0.977944 0.933752 0.694794 0.223355 0.0536686 0.0211975 0.0130572 0.0102865 0.00913713 0.0085953 0.00831539 0.00815999 0.00806835 0.0080114 0.00797432 0.00794914 0.00793136 0.00791835 0.00790852 0.00790086 0.00789474 0.00788971 0.00788549 0.00788189 0.00787874 0.00787596 0.00787346 0.00787119 0.00786911 
0.992443 0.992442 0.992441 0.99244 0.992439 0.992438 0.992437 0.992436 0.992435 0.992434 0.992433 0.992432 0.99243 0.992429 0.992428 0.992426 0.992424 0.992422 0.992419 0.992415 0.99241 0.992403 0.992393 0.992377 0.992351 0.992306 0.992226 0.992071 0.991748 0.991023 0.989201 0.983779 0.962429 0.846453 0.415308 0.0972253 0.0300183 0.0155701 0.0112187 0.00954669 0.00879743 0.00842457 0.00822368 0.00810819 0.00803799 0.00799317 0.00796325 0.00794247 0.00792748 0.00791629 0.00790768 0.00790085 0.0078953 0.00789068 0.00788675 0.00788334 0.00788034 0.00787766 0.00787524 0.00787302 0.00787097 
0.992445 0.992444 0.992442 0.992441 0.99244 0.992439 0.992438 0.992437 0.992436 0.992435 0.992434 0.992432 0.992431 0.99243 0.992428 0.992426 0.992424 0.992422 0.992419 0.992414 0.992408 0.9924 0.992386 0.992366 0.992331 0.99227 0.992156 0.991926 0.991428 0.990241 0.986999 0.975911 0.922768 0.645314 0.189803 0.0473229 0.0198039 0.0126353 0.0101292 0.00907175 0.00856732 0.00830433 0.00815721 0.00806985 0.00801523 0.00797944 0.00795498 0.00793761 0.00792482 0.00791509 0.00790746 0.00790131 0.00789623 0.00789194 0.00788825 0.00788502 0.00788214 0.00787954 0.00787718 0.00787501 0.00787299 
0.992446 0.992445 0.992444 0.992442 0.992441 0.99244 0.992439 0.992438 0.992437 0.992436 0.992435 0.992433 0.992432 0.99243 0.992429 0.992427 0.992424 0.992422 0.992418 0.992413 0.992405 0.992395 0.992378 0.992351 0.992304 0.992219 0.992052 0.991704 0.990911 0.988886 0.982712 0.957454 0.817976 0.362233 0.0835741 0.0273997 0.0148758 0.0109795 0.00945119 0.00875688 0.00840784 0.00821824 0.00810845 0.00804129 0.00799815 0.00796918 0.00794892 0.00793422 0.00792318 0.00791462 0.00790779 0.00790219 0.00789751 0.0078935 0.00789 0.00788691 0.00788413 0.00788161 0.0078793 0.00787716 0.00787517 
0.992447 0.992446 0.992445 0.992444 0.992442 0.992441 0.99244 0.992439 0.992438 0.992437 0.992435 0.992434 0.992433 0.992431 0.992429 0.992427 0.992424 0.992421 0.992417 0.99241 0.992401 0.992388 0.992366 0.99233 0.992266 0.992144 0.991896 0.991355 0.990047 0.986402 0.973525 0.9095 0.592195 0.161249 0.0420379 0.0185991 0.0122603 0.00998751 0.00901284 0.00854256 0.00829517 0.00815573 0.00807239 0.00801994 0.00798538 0.00796161 0.00794462 0.00793203 0.00792238 0.00791477 0.0079086 0.00790346 0.0078991 0.00789532 0.007892 0.00788902 0.00788633 0.00788388 0.00788161 0.00787951 0.00787754 
0.992448 0.992447 0.992446 0.992445 0.992444 0.992442 0.992441 0.99244 0.992439 0.992438 0.992436 0.992435 0.992433 0.992432 0.99243 0.992427 0.992424 0.99242 0.992415 0.992408 0.992396 0.992379 0.992351 0.992302 0.992211 0.992033 0.991656 0.990787 0.988535 0.981482 0.951487 0.784656 0.313169 0.072278 0.0251708 0.0142644 0.0107648 0.00936494 0.00872057 0.00839344 0.00821431 0.00810987 0.00804557 0.00800401 0.00797593 0.00795618 0.00794175 0.00793084 0.00792233 0.00791549 0.00790985 0.0079051 0.00790101 0.00789743 0.00789424 0.00789137 0.00788876 0.00788636 0.00788414 0.00788207 0.00788013 
0.992449 0.992448 0.992447 0.992446 0.992445 0.992443 0.992442 0.992441 0.99244 0.992438 0.992437 0.992436 0.992434 0.992432 0.99243 0.992427 0.992424 0.992419 0.992413 0.992404 0.99239 0.992367 0.992329 0.992261 0.992131 0.991864 0.991275 0.989831 0.985724 0.970711 0.893483 0.536688 0.137164 0.03761 0.0175512 0.0119257 0.00985955 0.00895971 0.00852073 0.00828781 0.00815555 0.00807598 0.0080256 0.0079922 0.00796909 0.00795247 0.00794007 0.00793051 0.00792291 0.00791671 0.00791152 0.00790709 0.00790323 0.00789981 0.00789675 0.00789397 0.00789143 0.00788908 0.0078869 0.00788487 0.00788297 
0.992451 0.992449 0.992448 0.992447 0.992446 0.992445 0.992443 0.992442 0.992441 0.992439 0.992438 0.992436 0.992435 0.992433 0.99243 0.992427 0.992423 0.992418 0.99241 0.992399 0.992381 0.992351 0.992299 0.992203 0.992012 0.991604 0.990651 0.98814 0.980056 0.944298 0.746202 0.268839 0.0629046 0.0232607 0.0137232 0.0105714 0.00928685 0.00868809 0.00838122 0.00821187 0.00811245 0.00805086 0.00801082 0.0079836 0.00796433 0.00795017 0.00793939 0.00793093 0.00792408 0.0079184 0.00791359 0.00790943 0.00790576 0.00790249 0.00789954 0.00789685 0.00789437 0.00789208 0.00788995 0.00788796 0.0078861 
0.992452 0.992451 0.992449 0.992448 0.992447 0.992446 0.992444 0.992443 0.992442 0.99244 0.992439 0.992437 0.992435 0.992433 0.99243 0.992427 0.992422 0.992416 0.992406 0.992392 0.992368 0.992328 0.992256 0.992117 0.99183 0.991187 0.989591 0.984949 0.96737 0.874179 0.480267 0.116959 0.0338757 0.0166338 0.0116254 0.00974354 0.00891173 0.0085016 0.00828216 0.00815666 0.00808068 0.00803228 0.008 0.00797753 0.00796127 0.00794906 0.00793959 0.00793202 0.00792579 0.00792056 0.00791606 0.00791213 0.00790864 0.0079055 0.00790265 0.00790004 0.00789763 0.0078954 0.00789333 0.0078914 0.0078896 
0.992453 0.992452 0.992451 0.992449 0.992448 0.992447 0.992446 0.992444 0.992443 0.992441 0.99244 0.992438 0.992436 0.992433 0.99243 0.992426 0.99242 0.992413 0.992401 0.992382 0.992351 0.992296 0.992194 0.991989 0.991546 0.990501 0.987693 0.978391 0.935596 0.702544 0.229546 0.0550936 0.0216122 0.0132412 0.0103961 0.0092159 0.00865905 0.00837102 0.00821087 0.00811623 0.00805725 0.00801867 0.00799229 0.00797351 0.00795962 0.00794898 0.00794057 0.00793373 0.00792803 0.00792316 0.00791894 0.00791521 0.00791188 0.00790887 0.00790612 0.00790359 0.00790127 0.00789911 0.00789711 0.00789525 0.00789353 
0.992455 0.992453 0.992452 0.992451 0.992449 0.992448 0.992447 0.992445 0.992444 0.992442 0.99244 0.992438 0.992436 0.992433 0.99243 0.992425 0.992418 0.992409 0.992394 0.992369 0.992327 0.992251 0.992102 0.991792 0.991091 0.989322 0.984059 0.963377 0.850978 0.42447 0.100051 0.0307035 0.0158252 0.0113546 0.00963787 0.00886828 0.00848493 0.00827815 0.00815908 0.00808654 0.00804007 0.00800889 0.00798707 0.00797117 0.00795917 0.0079498 0.00794227 0.00793604 0.00793078 0.00792624 0.00792226 0.00791872 0.00791554 0.00791265 0.00791001 0.00790758 0.00790534 0.00790328 0.00790137 0.00789961 0.007898 
0.992456 0.992455 0.992453 0.992452 0.992451 0.992449 0.992448 0.992446 0.992445 0.992443 0.992441 0.992439 0.992437 0.992433 0.992429 0.992424 0.992415 0.992403 0.992384 0.992352 0.992294 0.992185 0.991964 0.991484 0.990334 0.987187 0.976435 0.925013 0.6539 0.195242 0.0485482 0.0201784 0.0128091 0.0102366 0.00915116 0.00863308 0.00836273 0.00821131 0.00812126 0.00806481 0.00802768 0.00800216 0.00798387 0.00797027 0.0079598 0.00795147 0.00794466 0.00793896 0.00793408 0.00792983 0.00792607 0.00792271 0.00791967 0.00791691 0.00791439 0.00791208 0.00790996 0.00790801 0.00790623 0.00790461 0.00790314 
0.992457 0.992456 0.992455 0.992453 0.992452 0.99245 0.992449 0.992447 0.992446 0.992444 0.992442 0.99244 0.992437 0.992433 0.992428 0.992421 0.992411 0.992396 0.992371 0.992327 0.992245 0.992086 0.991751 0.990984 0.98902 0.983028 0.958566 0.823213 0.370713 0.0859017 0.0279874 0.015107 0.0111085 0.00954106 0.00882879 0.00847051 0.00827574 0.00816284 0.00809366 0.0080491 0.00801904 0.00799788 0.00798239 0.00797063 0.00796139 0.00795393 0.00794774 0.00794249 0.00793795 0.00793397 0.00793042 0.00792725 0.00792437 0.00792176 0.00791938 0.00791721 0.00791523 0.00791345 0.00791184 0.0079104 0.00790914 
0.992459 0.992457 0.992456 0.992455 0.992453 0.992452 0.99245 0.992449 0.992447 0.992445 0.992443 0.99244 0.992437 0.992433 0.992427 0.992419 0.992406 0.992386 0.992352 0.992291 0.992175 0.991937 0.991415 0.990147 0.986608 0.974115 0.912075 0.600821 0.165632 0.0430264 0.0189209 0.0124187 0.0100902 0.00909175 0.00860984 0.00835622 0.0082132 0.00812763 0.0080737 0.00803804 0.0080134 0.00799566 0.00798239 0.00797212 0.00796392 0.00795719 0.00795154 0.00794669 0.00794247 0.00793874 0.00793542 0.00793244 0.00792974 0.00792731 0.00792511 0.00792312 0.00792134 0.00791977 0.00791839 0.00791721 0.00791624 
0.99246 0.992459 0.992457 0.992456 0.992454 0.992453 0.992451 0.99245 0.992448 0.992446 0.992443 0.99244 0.992437 0.992432 0.992425 0.992415 0.992398 0.992372 0.992326 0.99224 0.992069 0.991706 0.990865 0.988677 0.981823 0.952715 0.790174 0.320148 0.0740337 0.0256414 0.0144637 0.0108832 0.0094517 0.00879273 0.00845813 0.00827489 0.00816803 0.00810219 0.00805956 0.00803067 0.00801023 0.0079952 0.00798374 0.00797471 0.00796738 0.00796129 0.00795612 0.00795165 0.00794773 0.00794427 0.00794118 0.00793842 0.00793595 0.00793373 0.00793176 0.00793002 0.0079285 0.00792722 0.00792616 0.00792534 0.00792476 
0.992462 0.99246 0.992459 0.992457 0.992456 0.992454 0.992453 0.992451 0.992449 0.992447 0.992444 0.992441 0.992436 0.99243 0.992422 0.992409 0.992388 0.992352 0.992288 0.992164 0.991908 0.991338 0.989936 0.985939 0.971333 0.896169 0.544202 0.140269 0.0383314 0.0178077 0.012063 0.00995481 0.00903681 0.008589 0.00835143 0.00821659 0.00813549 0.00808411 0.00804999 0.00802631 0.00800919 0.00799634 0.00798636 0.00797837 0.0079718 0.00796628 0.00796156 0.00795746 0.00795387 0.00795069 0.00794788 0.00794538 0.00794318 0.00794125 0.00793958 0.00793817 0.00793701 0.00793612 0.0079355 0.00793516 0.00793512 
0.992463 0.992462 0.99246 0.992459 0.992457 0.992456 0.992454 0.992452 0.99245 0.992447 0.992444 0.992441 0.992436 0.992428 0.992418 0.992401 0.992373 0.992325 0.992233 0.99205 0.991656 0.990732 0.988285 0.9804 0.945522 0.751154 0.273583 0.0640367 0.0235956 0.0138819 0.010675 0.00936849 0.00875958 0.00844765 0.00827565 0.00817478 0.00811234 0.00807174 0.00804412 0.00802452 0.00801005 0.00799899 0.00799025 0.00798317 0.00797728 0.0079723 0.00796802 0.00796431 0.00796106 0.00795822 0.00795573 0.00795357 0.00795172 0.00795016 0.0079489 0.00794793 0.00794727 0.00794692 0.0079469 0.00794723 0.00794794 
0.992465 0.992463 0.992462 0.99246 0.992459 0.992457 0.992455 0.992453 0.992451 0.992448 0.992445 0.99244 0.992434 0.992426 0.992412 0.99239 0.992353 0.992285 0.992152 0.991875 0.991251 0.989696 0.985158 0.967954 0.8765 0.485228 0.118643 0.0343036 0.0168123 0.0117354 0.00982833 0.00898557 0.00857029 0.00834835 0.00822164 0.00814507 0.00809638 0.00806393 0.00804135 0.00802499 0.00801268 0.00800312 0.00799547 0.00798919 0.00798395 0.0079795 0.00797569 0.0079724 0.00796956 0.00796712 0.00796505 0.00796332 0.00796193 0.00796088 0.00796017 0.0079598 0.00795981 0.0079602 0.00796101 0.00796227 0.00796401 
0.992466 0.992465 0.992463 0.992462 0.99246 0.992458 0.992456 0.992454 0.992452 0.992449 0.992445 0.99244 0.992432 0.992421 0.992404 0.992375 0.992323 0.992226 0.992028 0.9916 0.99058 0.987831 0.978697 0.936561 0.705512 0.231471 0.0555655 0.0217929 0.0133502 0.0104806 0.0092902 0.00872891 0.00843899 0.00827814 0.00818337 0.00812449 0.00808609 0.00805991 0.00804131 0.00802757 0.00801707 0.00800881 0.00800213 0.00799663 0.00799203 0.00798814 0.00798484 0.00798204 0.0079797 0.00797777 0.00797623 0.00797508 0.00797431 0.00797394 0.00797398 0.00797445 0.00797538 0.0079768 0.00797876 0.0079813 0.00798447 
0.992468 0.992466 0.992465 0.992463 0.992461 0.99246 0.992457 0.992455 0.992452 0.992449 0.992445 0.992438 0.992429 0.992416 0.992393 0.992353 0.992281 0.992138 0.991838 0.991154 0.989419 0.984234 0.963785 0.852025 0.425294 0.100231 0.0308138 0.0159123 0.0114305 0.00970885 0.00893731 0.00855354 0.00834707 0.00822863 0.0081568 0.00811101 0.00808046 0.00805919 0.00804379 0.00803224 0.00802331 0.00801621 0.00801046 0.00800572 0.0080018 0.00799853 0.00799584 0.00799365 0.00799193 0.00799067 0.00798984 0.00798946 0.00798954 0.0079901 0.00799117 0.00799278 0.00799499 0.00799784 0.00800139 0.00800571 0.00801089 
0.99247 0.992468 0.992466 0.992465 0.992463 0.992461 0.992459 0.992456 0.992453 0.992449 0.992444 0.992437 0.992425 0.992407 0.992377 0.992322 0.992218 0.992004 0.991536 0.990406 0.987298 0.976622 0.925228 0.65277 0.193949 0.0483345 0.0201863 0.0128585 0.0102968 0.00921575 0.00870039 0.00843221 0.00828266 0.00819425 0.00813922 0.00810331 0.00807885 0.00806151 0.00804877 0.0080391 0.00803157 0.00802558 0.00802075 0.00801684 0.00801368 0.00801115 0.0080092 0.00800779 0.00800689 0.0080065 0.00800663 0.0080073 0.00800854 0.00801038 0.00801287 0.00801608 0.00802006 0.00802489 0.00803066 0.00803749 0.00804547 
0.992471 0.99247 0.992468 0.992466 0.992464 0.992462 0.99246 0.992457 0.992454 0.992449 0.992443 0.992434 0.992419 0.992396 0.992354 0.992276 0.992123 0.991796 0.991041 0.989096 0.983122 0.958541 0.821384 0.365877 0.0845483 0.0277579 0.0150887 0.0111432 0.00959467 0.0088915 0.00853876 0.00834791 0.00823806 0.00817135 0.00812884 0.00810054 0.00808092 0.00806681 0.00805634 0.00804837 0.00804217 0.00803731 0.00803347 0.00803049 0.00802823 0.00802662 0.00802562 0.00802522 0.00802541 0.00802621 0.00802764 0.00802975 0.00803258 0.0080362 0.00804068 0.0080461 0.00805256 0.00806018 0.0080691 0.00807945 0.00809142 
0.992473 0.992471 0.99247 0.992468 0.992466 0.992464 0.992461 0.992458 0.992454 0.992449 0.992441 0.99243 0.992411 0.992379 0.992321 0.992208 0.991977 0.991462 0.990203 0.986661 0.974043 0.910636 0.592763 0.160923 0.0421112 0.0187376 0.0123983 0.010121 0.00914427 0.00867393 0.00842763 0.00828981 0.00820823 0.00815751 0.00812454 0.00810222 0.00808656 0.00807522 0.0080668 0.00806044 0.0080556 0.00805194 0.00804923 0.00804735 0.00804622 0.00804579 0.00804605 0.008047 0.00804866 0.00805109 0.00805432 0.00805842 0.00806347 0.00806957 0.00807683 0.00808537 0.00809534 0.00810691 0.00812028 0.00813567 0.00815336 
0.992475 0.992473 0.992471 0.992469 0.992467 0.992465 0.992462 0.992459 0.992454 0.992448 0.992438 0.992423 0.992398 0.992354 0.992271 0.992105 0.991747 0.99091 0.988712 0.981756 0.951789 0.78283 0.308429 0.0711605 0.0250523 0.0143259 0.0108693 0.00948447 0.00884791 0.00852625 0.00835155 0.0082509 0.00818989 0.00815122 0.00812569 0.00810824 0.00809595 0.00808709 0.00808063 0.0080759 0.00807252 0.00807024 0.0080689 0.00806841 0.00806873 0.00806986 0.0080718 0.00807459 0.00807828 0.00808295 0.00808868 0.00809557 0.00810374 0.00811334 0.00812452 0.00813749 0.00815247 0.0081697 0.00818949 0.00821219 0.0082382 
0.992477 0.992475 0.992473 0.992471 0.992469 0.992466 0.992463 0.992459 0.992454 0.992446 0.992434 0.992415 0.992381 0.992319 0.992197 0.991945 0.991375 0.989962 0.985885 0.970756 0.89146 0.525845 0.132144 0.0367092 0.0174159 0.0119625 0.00995124 0.00907534 0.00864984 0.00842604 0.00830069 0.00822669 0.00818099 0.00815163 0.00813211 0.00811878 0.0081095 0.00810301 0.00809853 0.00809559 0.00809391 0.0080933 0.00809367 0.00809499 0.00809724 0.00810047 0.00810471 0.00811004 0.00811655 0.00812436 0.00813359 0.00814442 0.00815701 0.0081716 0.00818841 0.00820776 0.00822997 0.00825543 0.00828462 0.00831806 0.00835641 
0.992479 0.992477 0.992475 0.992473 0.992471 0.992468 0.992464 0.99246 0.992453 0.992443 0.992428 0.992402 0.992355 0.992265 0.992084 0.99169 0.990754 0.988246 0.980032 0.942849 0.734202 0.254282 0.0597012 0.0226317 0.0136116 0.0106056 0.00937753 0.00880687 0.00851694 0.00835932 0.0082688 0.00821438 0.00818038 0.00815846 0.008144 0.00813434 0.00812794 0.00812388 0.00812158 0.00812071 0.00812109 0.0081226 0.00812522 0.00812895 0.00813383 0.00813994 0.00814738 0.00815626 0.00816673 0.00817898 0.00819321 0.00820965 0.0082286 0.00825039 0.00827538 0.00830404 0.00833689 0.00837455 0.00841775 0.00846736 0.00852441 
0.992481 0.992479 0.992477 0.992475 0.992472 0.992469 0.992465 0.99246 0.992452 0.992439 0.992419 0.992383 0.992316 0.992184 0.991906 0.991272 0.989668 0.984914 0.966434 0.865692 0.453145 0.107297 0.0319834 0.0161976 0.0115459 0.0097863 0.00900927 0.00862922 0.00842903 0.00831732 0.00825202 0.00821239 0.00818766 0.00817196 0.00816199 0.00815584 0.0081524 0.008151 0.00815125 0.00815294 0.00815595 0.00816027 0.00816591 0.00817294 0.00818145 0.00819159 0.00820351 0.00821742 0.00823355 0.00825216 0.00827358 0.00829819 0.00832641 0.00835877 0.00839586 0.00843839 0.00848722 0.00854333 0.00860794 0.00868247 0.00876866 
0.992483 0.992481 0.992479 0.992477 0.992474 0.99247 0.992466 0.992459 0.992449 0.992433 0.992405 0.992354 0.992258 0.992059 0.99162 0.990563 0.987664 0.977788 0.930615 0.673068 0.204588 0.0498729 0.020447 0.0129368 0.0103503 0.00927418 0.00876968 0.00851278 0.00837366 0.00829466 0.00824816 0.00822012 0.00820308 0.00819288 0.0081872 0.00818468 0.00818451 0.00818626 0.00818968 0.00819465 0.00820118 0.00820929 0.00821908 0.0082307 0.00824433 0.00826019 0.00827853 0.00829966 0.00832396 0.00835185 0.00838383 0.00842048 0.0084625 0.0085107 0.00856607 0.00862977 0.00870318 0.00878799 0.00888621 0.00900033 0.00913334 
0.992485 0.992483 0.992481 0.992479 0.992475 0.992471 0.992466 0.992458 0.992445 0.992423 0.992384 0.992312 0.992168 0.991859 0.991145 0.989302 0.983659 0.960536 0.830274 0.376829 0.0860512 0.0278254 0.0150664 0.0111458 0.00962662 0.00894773 0.00861449 0.00843963 0.00834326 0.0082883 0.00825635 0.00823785 0.00822758 0.00822265 0.00822141 0.00822292 0.00822665 0.00823234 0.00823988 0.00824926 0.00826057 0.00827395 0.00828959 0.00830773 0.00832868 0.00835277 0.00838043 0.00841215 0.0084485 0.00849015 0.00853792 0.00859275 0.00865577 0.00872833 0.00881207 0.00890894 0.00902133 0.00915216 0.009305 0.00948428 0.00969549 
0.992488 0.992486 0.992483 0.99248 0.992477 0.992472 0.992466 0.992455 0.992438 0.992408 0.992354 0.992248 0.992027 0.991534 0.990324 0.986915 0.974753 0.913221 0.597269 0.160286 0.0414458 0.0184648 0.012297 0.0101039 0.0091766 0.00873941 0.00851753 0.00839899 0.00833354 0.00829695 0.00827687 0.00826673 0.00826293 0.00826347 0.00826722 0.00827357 0.00828224 0.00829311 0.00830621 0.00832167 0.0083397 0.00836055 0.00838456 0.00841213 0.00844374 0.00847994 0.00852142 0.00856894 0.00862343 0.00868602 0.00875801 0.00884099 0.00893687 0.00904798 0.00917712 0.00932777 0.0095042 0.0097117 0.00995691 0.0102482 0.0105961 
0.99249 0.992488 0.992486 0.992482 0.992478 0.992473 0.992464 0.992451 0.992428 0.992386 0.992307 0.992147 0.991801 0.990985 0.988831 0.981974 0.952117 0.780661 0.300234 0.0681034 0.0241602 0.0140139 0.010763 0.00947514 0.00889465 0.00861037 0.00846332 0.00838479 0.00834264 0.00832086 0.00831113 0.00830898 0.00831193 0.00831867 0.00832847 0.00834102 0.00835623 0.00837418 0.00839504 0.00841911 0.00844676 0.00847844 0.00851471 0.0085562 0.00860369 0.0086581 0.00872052 0.00879223 0.00887478 0.00897006 0.0090803 0.00920827 0.00935733 0.00953161 0.00973625 0.00997765 0.0102639 0.0106051 0.0110144 0.0115087 0.0121098 
0.992493 0.992491 0.992488 0.992485 0.99248 0.992473 0.992462 0.992444 0.992412 0.992353 0.992235 0.991987 0.991424 0.990015 0.985914 0.970449 0.887431 0.50619 0.122074 0.0342519 0.0166669 0.0116936 0.00987067 0.00908995 0.00872207 0.00853807 0.00844313 0.00839428 0.0083707 0.00836179 0.00836194 0.00836817 0.00837885 0.00839319 0.00841082 0.00843169 0.00845595 0.00848387 0.00851586 0.00855243 0.00859421 0.00864196 0.00869657 0.00875912 0.00883087 0.00891337 0.00900843 0.00911827 0.00924558 0.00939363 0.00956647 0.00976908 0.0100077 0.01029 0.010626 0.0110283 0.011513 0.0121011 0.0128205 0.0137078 0.0148126 
0.992496 0.992493 0.992491 0.992487 0.992481 0.992472 0.992458 0.992433 0.992388 0.9923 0.992121 0.991725 0.990776 0.988201 0.979606 0.939444 0.710631 0.227653 0.0531874 0.0209425 0.0130412 0.0104036 0.0093388 0.00885779 0.00862556 0.0085099 0.00845296 0.00842748 0.00841993 0.00842329 0.00843388 0.00844979 0.00847006 0.00849435 0.00852264 0.00855517 0.00859236 0.00863477 0.00868314 0.00873833 0.00880139 0.0088736 0.00895644 0.00905174 0.00916166 0.00928885 0.00943652 0.00960862 0.00981003 0.0100468 0.0103265 0.0106587 0.0110556 0.0115329 0.0121109 0.0128161 0.013684 0.0147618 0.0161138 0.0178278 0.0200265 
0.992499 0.992497 0.992493 0.992488 0.992481 0.99247 0.992451 0.992416 0.99235 0.992218 0.991935 0.99128 0.989601 0.984513 0.963993 0.847546 0.402882 0.0903555 0.0281748 0.0150509 0.0111351 0.00966011 0.00902437 0.00872873 0.00858673 0.00851995 0.00849252 0.00848708 0.00849483 0.00851125 0.00853405 0.00856215 0.00859518 0.00863322 0.00867666 0.0087261 0.00878236 0.00884645 0.00891961 0.00900334 0.0090994 0.00920997 0.00933765 0.0094856 0.0096577 0.00985874 0.0100947 0.0103728 0.0107026 0.0110959 0.0115679 0.0121382 0.0128327 0.0136854 0.0147418 0.0160634 0.0177346 0.0198721 0.0226395 0.0262685 0.0310892 
0.992503 0.9925 0.992496 0.99249 0.992481 0.992466 0.992439 0.992389 0.99229 0.992085 0.991624 0.990494 0.987321 0.97608 0.919166 0.61349 0.163588 0.041065 0.0181533 0.0121601 0.0100808 0.00923099 0.00885133 0.00867567 0.00859685 0.00856748 0.00856518 0.0085789 0.00860308 0.00863499 0.00867339 0.00871796 0.00876891 0.00882682 0.0088926 0.00896741 0.00905271 0.00915025 0.00926217 0.00939106 0.00954005 0.00971298 0.00991456 0.0101506 0.0104285 0.0107572 0.0111485 0.0116172 0.0121824 0.0128692 0.0137106 0.0147505 0.0160486 0.0176857 0.0197741 0.0224704 0.0259956 0.0306646 0.0369275 0.0454288 0.0570837 
0.992507 0.992503 0.992499 0.992491 0.992479 0.992459 0.99242 0.992346 0.992194 0.991863 0.991083 0.98902 0.982441 0.953616 0.783834 0.295956 0.0651786 0.0231367 0.0136299 0.0106399 0.00949004 0.00899816 0.00877924 0.00868565 0.00865443 0.00865668 0.00867848 0.008713 0.00875696 0.00880903 0.00886891 0.00893705 0.00901436 0.00910214 0.00920209 0.0093163 0.00944734 0.00959832 0.00977305 0.00997621 0.0102136 0.0104923 0.0108214 0.0112124 0.0116797 0.0122421 0.0129241 0.0137579 0.0147863 0.0160668 0.0176781 0.0197284 0.0223683 0.0258105 0.0303565 0.0364371 0.0446683 0.0559244 0.0714265 0.092822 0.122201 
0.992511 0.992507 0.992501 0.992492 0.992476 0.992446 0.992389 0.992276 0.992035 0.991483 0.990095 0.986023 0.97045 0.884517 0.487039 0.111542 0.031502 0.0157948 0.0113949 0.00981841 0.00917546 0.00890061 0.00878882 0.008756 0.00876471 0.00879742 0.00884572 0.00890574 0.008976 0.00905638 0.00914764 0.00925117 0.00936893 0.00950338 0.00965761 0.0098354 0.0100414 0.0102813 0.0105624 0.0108934 0.0112857 0.0117536 0.0123156 0.0129957 0.0138254 0.0148465 0.0161153 0.0177082 0.0197302 0.0223274 0.025705 0.0301538 0.0360886 0.044101 0.0550314 0.0700537 0.0907575 0.119174 0.15765 0.208412 0.272734 
0.992516 0.992511 0.992504 0.992491 0.992468 0.992425 0.992339 0.99216 0.991763 0.990801 0.988161 0.97916 0.935519 0.682 0.198484 0.0461869 0.0190815 0.0124322 0.0102394 0.00939128 0.00904377 0.00890946 0.00887552 0.00889334 0.00894077 0.00900752 0.00908901 0.0091837 0.00929174 0.00941443 0.00955389 0.00971303 0.00989556 0.0101061 0.0103503 0.0106353 0.0109699 0.0113655 0.0118361 0.0124 0.013081 0.01391 0.0149281 0.0161905 0.0177718 0.0197746 0.0223411 0.0256707 0.0300455 0.0358666 0.043706 0.0543751 0.0690082 0.0891448 0.116764 0.154176 0.203633 0.266536 0.342355 0.42778 0.516944 
0.992521 0.992515 0.992505 0.992487 0.992454 0.992389 0.992254 0.991963 0.99128 0.989502 0.983976 0.960645 0.821801 0.342891 0.0729286 0.0242429 0.0138849 0.0107854 0.0096562 0.00921376 0.00905152 0.0090173 0.00904785 0.0091152 0.00920674 0.00931718 0.00944497 0.00959078 0.00975672 0.0099461 0.0101633 0.010414 0.0107052 0.0110457 0.0114467 0.0119224 0.0124909 0.0131756 0.0140072 0.0150263 0.0162872 0.0178633 0.0198552 0.022402 0.0256985 0.0300196 0.0357557 0.0434622 0.0539266 0.0682502 0.0879294 0.114897 0.151428 0.199788 0.261476 0.336167 0.420827 0.509798 0.596254 0.674314 0.74053 
0.992527 0.992519 0.992505 0.99248 0.992429 0.992327 0.99211 0.991615 0.990378 0.986808 0.973491 0.90094 0.530627 0.122209 0.032644 0.0159625 0.0115023 0.0099841 0.00941703 0.00922005 0.00918693 0.00923522 0.0093296 0.00945472 0.00960451 0.00977767 0.0099757 0.0102021 0.010462 0.0107622 0.0111114 0.0115208 0.0120045 0.0125805 0.0132721 0.0141099 0.0151341 0.0163983 0.017975 0.0199635 0.0225004 0.0257769 0.0300623 0.0357381 0.0433467 0.053656 0.0677393 0.0870573 0.113501 0.149316 0.196768 0.257431 0.331149 0.415115 0.503866 0.590622 0.669382 0.736494 0.790933 0.833598 0.866334 
0.992533 0.992523 0.992503 0.992464 0.992386 0.992221 0.991855 0.990972 0.988564 0.980465 0.941643 0.706717 0.209474 0.0467928 0.0190032 0.0124554 0.0103933 0.00966184 0.00942158 0.00939178 0.00946477 0.00959604 0.00976701 0.0099709 0.0102071 0.0104785 0.0107908 0.0111523 0.0115736 0.0120689 0.012656 0.0133583 0.0142062 0.0152396 0.0165119 0.018095 0.0200869 0.0226226 0.0258907 0.0301559 0.0357929 0.0433334 0.0535295 0.0674319 0.086471 0.112503 0.147744 0.194457 0.254271 0.327164 0.410521 0.499048 0.586017 0.665338 0.733187 0.78838 0.831713 0.864988 0.890254 0.909378 0.92389 
0.992539 0.992524 0.992494 0.992434 0.992308 0.992033 0.991386 0.989704 0.984495 0.962542 0.829267 0.346006 0.0712257 0.0235636 0.0137393 0.0109084 0.00995893 0.00966466 0.00964164 0.00974911 0.00993109 0.0101653 0.0104446 0.0107696 0.0111459 0.011583 0.0120941 0.0126968 0.0134143 0.0142768 0.0153242 0.0166095 0.0182044 0.0202061 0.0227485 0.0260179 0.0302759 0.0358918 0.0433889 0.0535066 0.0672771 0.0861058 0.11182 0.146608 0.192729 0.251851 0.324058 0.406894 0.49521 0.582331 0.6621 0.730553 0.786369 0.830254 0.863976 0.889582 0.908955 0.923644 0.93485 0.943471 0.950169 
0.992546 0.992523 0.992476 0.992379 0.992168 0.991685 0.990473 0.98696 0.973741 0.900089 0.517328 0.113569 0.0305728 0.0154928 0.0115622 0.0103223 0.00996065 0.00994976 0.0101056 0.0103579 0.0106805 0.0110665 0.0115192 0.0120487 0.0126711 0.0134085 0.0142906 0.0153571 0.0166609 0.0182731 0.0202905 0.0228463 0.0261253 0.0303864 0.0359949 0.0434676 0.0535337 0.0672104 0.0858829 0.111354 0.145789 0.191439 0.250005 0.321652 0.404056 0.492189 0.579427 0.65956 0.728509 0.784837 0.829176 0.863264 0.889145 0.908716 0.923543 0.934844 0.943529 0.950269 0.955553 0.959739 0.963088 
0.99255 0.992514 0.992439 0.992276 0.991908 0.991011 0.988544 0.980097 0.938231 0.680144 0.18439 0.0415829 0.0179216 0.0123992 0.0107705 0.0103248 0.0103343 0.0105582 0.0109093 0.0113573 0.0118971 0.0125373 0.0132962 0.0142015 0.0152916 0.0166186 0.0182531 0.0202915 0.0228661 0.0261606 0.030432 0.0360423 0.0435031 0.0535355 0.0671446 0.0856988 0.110981 0.145138 0.190414 0.248533 0.319732 0.40179 0.489784 0.57713 0.657574 0.726942 0.783701 0.828417 0.862804 0.888906 0.908634 0.923568 0.934939 0.943668 0.950435 0.955734 0.959927 0.963279 0.965984 0.968187 0.969997 
0.99255 0.992492 0.992364 0.992079 0.9914 0.989607 0.983917 0.958843 0.800333 0.292235 0.0591303 0.0213329 0.01348 0.0113282 0.0107778 0.0108204 0.0111414 0.011633 0.0122621 0.0130285 0.0139509 0.0150629 0.0164138 0.0180727 0.0201344 0.0227303 0.0260426 0.0303267 0.0359416 0.0433945 0.0533999 0.0669529 0.0854085 0.110533 0.14446 0.18943 0.247188 0.318032 0.39983 0.487744 0.57522 0.655964 0.725715 0.782854 0.827898 0.862538 0.888824 0.908676 0.923692 0.935113 0.943872 0.950654 0.955959 0.960152 0.9635 0.966199 0.968396 0.970198 0.971689 0.972932 0.973975 
0.992541 0.992441 0.992217 0.991692 0.990349 0.986338 0.970421 0.875553 0.432152 0.0871139 0.0261858 0.0148878 0.0120293 0.0113488 0.011444 0.0119049 0.0125999 0.0134962 0.0146048 0.0159641 0.017637 0.0197147 0.0223256 0.0256497 0.0299396 0.0355513 0.0429877 0.0529568 0.0664457 0.0847984 0.109769 0.143482 0.188181 0.245637 0.316204 0.397832 0.485751 0.573424 0.654506 0.724651 0.782165 0.82752 0.862394 0.888843 0.908803 0.923885 0.935345 0.944123 0.950912 0.956217 0.960405 0.963745 0.966435 0.968622 0.970414 0.971896 0.973129 0.974163 0.975035 0.975775 0.976407 
0.992512 0.992334 0.99192 0.990887 0.987947 0.977266 0.919338 0.579732 0.130791 0.0331616 0.016738 0.0129201 0.0120784 0.012257 0.0129222 0.0139176 0.0152177 0.0168579 0.0189157 0.0215115 0.0248195 0.0290875 0.0346666 0.0420541 0.0519514 0.0653375 0.0835478 0.108329 0.141804 0.186228 0.24341 0.313768 0.395331 0.483383 0.57138 0.65291 0.723531 0.781472 0.827166 0.862287 0.888903 0.908969 0.924114 0.935608 0.944401 0.951194 0.956495 0.960675 0.964005 0.966684 0.968859 0.97064 0.972111 0.973334 0.974358 0.975221 0.975953 0.976577 0.977111 0.977572 0.97797 
0.992438 0.992108 0.991294 0.989064 0.981528 0.944608 0.706344 0.195514 0.0432484 0.0191917 0.0140662 0.0130261 0.013336 0.0143051 0.0157546 0.0176822 0.0201744 0.0233877 0.0275587 0.0330292 0.0402877 0.0500268 0.0632167 0.0811855 0.105678 0.138825 0.182913 0.239811 0.31002 0.391655 0.48004 0.56859 0.650786 0.722063 0.780564 0.826687 0.862112 0.888929 0.90912 0.92434 0.935873 0.944685 0.951482 0.95678 0.960952 0.964272 0.966939 0.969102 0.970871 0.972331 0.973543 0.974557 0.975411 0.976134 0.976749 0.977277 0.97773 0.978121 0.978461 0.978757 0.979015 
0.99227 0.991616 0.989874 0.984319 0.95957 0.798966 0.283436 0.0578215 0.0224757 0.015562 0.0142794 0.0147976 0.0162284 0.0183822 0.0213148 0.0252189 0.0304128 0.0373683 0.0467641 0.059559 0.0770749 0.101061 0.133677 0.177266 0.233797 0.303899 0.385793 0.474826 0.564318 0.647569 0.719836 0.779153 0.825885 0.861732 0.888827 0.909192 0.924515 0.936107 0.944949 0.951758 0.957057 0.961224 0.964535 0.967192 0.969344 0.971102 0.97255 0.973751 0.974756 0.9756 0.976314 0.976922 0.977442 0.977888 0.978274 0.978607 0.978898 0.979151 0.979373 0.979567 0.979738 
0.991885 0.990488 0.986235 0.968793 0.86065 0.389557 0.0786684 0.0269121 0.0175467 0.0159716 0.0168232 0.0189721 0.0222507 0.026845 0.0331682 0.0418667 0.05388 0.0705238 0.0935634 0.125211 0.167923 0.223841 0.293801 0.376187 0.46635 0.557422 0.642392 0.716232 0.776817 0.824479 0.860964 0.888475 0.909102 0.924585 0.93627 0.945164 0.952 0.95731 0.961478 0.964785 0.967435 0.969578 0.971326 0.972764 0.973956 0.974951 0.975787 0.976493 0.977093 0.977605 0.978045 0.978424 0.978752 0.979037 0.979286 0.979503 0.979693 0.979861 0.980009 0.980139 0.980254 
0.990979 0.987614 0.974744 0.900215 0.501553 0.107872 0.0329623 0.0202316 0.0183103 0.0197037 0.0229997 0.0281291 0.0355572 0.0461446 0.0611789 0.0824474 0.112256 0.153257 0.207907 0.277418 0.360466 0.45242 0.54607 0.633857 0.710261 0.772891 0.822038 0.859531 0.887696 0.908736 0.924472 0.936311 0.945296 0.952183 0.95752 0.961701 0.965012 0.967659 0.969797 0.971539 0.972969 0.974153 0.97514 0.975967 0.976666 0.977259 0.977764 0.978198 0.978571 0.978894 0.979174 0.979418 0.979631 0.979817 0.979981 0.980125 0.980253 0.980365 0.980465 0.980553 0.980631 
0.988658 0.978771 0.925598 0.605542 0.147469 0.0412946 0.023946 0.0216294 0.0239189 0.0290984 0.0373616 0.0497452 0.0679677 0.0944267 0.132074 0.18391 0.251874 0.335282 0.429667 0.527299 0.619642 0.700265 0.766268 0.817852 0.856988 0.886214 0.90792 0.924068 0.936159 0.945296 0.952275 0.957665 0.961876 0.965202 0.967856 0.969995 0.971734 0.973159 0.974337 0.975318 0.976139 0.976831 0.977418 0.977918 0.978345 0.978713 0.979031 0.979306 0.979546 0.979755 0.979938 0.980098 0.980239 0.980364 0.980474 0.980571 0.980657 0.980733 0.980801 0.980861 0.980914 
0.981633 0.942252 0.692707 0.198881 0.0528891 0.0292175 0.02648 0.0302818 0.0386352 0.0523231 0.0734654 0.105202 0.151265 0.214873 0.296799 0.39341 0.49649 0.595887 0.683396 0.755028 0.810697 0.852581 0.883568 0.906373 0.923199 0.935705 0.945096 0.952229 0.957714 0.961982 0.965341 0.968014 0.970162 0.971904 0.97333 0.974506 0.975482 0.976299 0.976986 0.977568 0.978063 0.978486 0.978849 0.979162 0.979433 0.979669 0.979874 0.980054 0.980211 0.98035 0.980471 0.980579 0.980674 0.980758 0.980832 0.980898 0.980956 0.981007 0.981053 0.981093 0.981129 
0.953576 0.76103 0.262319 0.0691995 0.036915 0.0337971 0.0401989 0.0540049 0.0771493 0.11349 0.16769 0.243138 0.338839 0.447318 0.556453 0.654765 0.735753 0.798377 0.844959 0.878946 0.90361 0.921571 0.934769 0.944582 0.951976 0.957621 0.961988 0.965408 0.968118 0.970289 0.972044 0.973475 0.974653 0.97563 0.976445 0.977129 0.977707 0.978198 0.978617 0.978977 0.979286 0.979554 0.979786 0.979988 0.980165 0.980319 0.980455 0.980574 0.980679 0.980772 0.980854 0.980927 0.980991 0.981048 0.981098 0.981143 0.981182 0.981216 0.981247 0.981273 0.981297 
0.812875 0.336494 0.0923934 0.0484979 0.0451966 0.0561235 0.0793335 0.118591 0.179477 0.265686 0.374178 0.493072 0.606436 0.702388 0.776849 0.83162 0.870854 0.898747 0.918663 0.933039 0.943567 0.951396 0.957311 0.961846 0.965371 0.968148 0.97036 0.97214 0.973588 0.974775 0.975756 0.976572 0.977256 0.977833 0.978322 0.978739 0.979095 0.979402 0.979667 0.979896 0.980095 0.980269 0.980421 0.980555 0.980672 0.980775 0.980866 0.980946 0.981017 0.98108 0.981136 0.981185 0.981228 0.981267 0.9813 0.98133 0.981356 0.981378 0.981398 0.981415 0.981429 
0.418827 0.125663 0.0664411 0.0634867 0.0822598 0.121269 0.185955 0.280453 0.399939 0.528013 0.644929 0.73873 0.807814 0.856438 0.890117 0.913502 0.929944 0.941708 0.950284 0.956656 0.961474 0.965178 0.968068 0.970352 0.972179 0.973656 0.974862 0.975854 0.976677 0.977365 0.977943 0.978432 0.978848 0.979203 0.979508 0.979771 0.979998 0.980195 0.980367 0.980517 0.980649 0.980764 0.980865 0.980955 0.981034 0.981103 0.981165 0.981219 0.981267 0.98131 0.981347 0.98138 0.981409 0.981435 0.981457 0.981476 0.981492 0.981506 0.981518 0.981528 0.981535 
0.173476 0.0948835 0.0934305 0.125333 0.188832 0.287384 0.414955 0.551025 0.671753 0.764649 0.830122 0.874443 0.904204 0.924398 0.93837 0.948261 0.955426 0.960732 0.964739 0.967821 0.970228 0.972135 0.973664 0.974903 0.975917 0.976755 0.977451 0.978035 0.978527 0.978944 0.979299 0.979603 0.979865 0.980091 0.980287 0.980457 0.980606 0.980736 0.98085 0.98095 0.981038 0.981116 0.981184 0.981245 0.981298 0.981345 0.981387 0.981424 0.981456 0.981485 0.98151 0.981531 0.98155 0.981566 0.98158 0.981591 0.981601 0.981608 0.981614 0.981619 0.981622 
0.14034 0.142467 0.194369 0.289733 0.420475 0.562599 0.687653 0.781359 0.845193 0.886982 0.914244 0.932319 0.944607 0.953194 0.959357 0.963892 0.967304 0.969921 0.971964 0.973581 0.974879 0.975932 0.976795 0.977508 0.978103 0.978602 0.979023 0.979381 0.979687 0.979949 0.980175 0.98037 0.980539 0.980687 0.980816 0.980929 0.981028 0.981115 0.981192 0.981259 0.981319 0.981372 0.981418 0.98146 0.981496 0.981528 0.981556 0.98158 0.981602 0.98162 0.981636 0.98165 0.981661 0.98167 0.981678 0.981684 0.981689 0.981692 0.981693 0.981694 0.981693 
0.220005 0.296871 0.421436 0.565192 0.694152 0.790174 0.854237 0.895093 0.921069 0.937904 0.949133 0.95686 0.962339 0.966332 0.969315 0.97159 0.973359 0.974756 0.975875 0.976782 0.977526 0.97814 0.978653 0.979083 0.979447 0.979756 0.98002 0.980247 0.980443 0.980613 0.98076 0.980889 0.981001 0.981099 0.981186 0.981262 0.981329 0.981388 0.98144 0.981486 0.981527 0.981563 0.981594 0.981622 0.981646 0.981667 0.981686 0.981702 0.981715 0.981727 0.981736 0.981744 0.98175 0.981755 0.981758 0.98176 0.981761 0.98176 0.981759 0.981756 0.981753 
0.429812 0.564556 0.693964 0.792607 0.858291 0.899558 0.925274 0.9416 0.952282 0.959507 0.964556 0.96819 0.970876 0.972908 0.974476 0.975708 0.976691 0.977485 0.978134 0.97867 0.979117 0.979491 0.979808 0.980078 0.980308 0.980506 0.980677 0.980825 0.980954 0.981066 0.981164 0.98125 0.981326 0.981393 0.981451 0.981503 0.981549 0.981589 0.981625 0.981656 0.981684 0.981708 0.981729 0.981747 0.981763 0.981777 0.981788 0.981798 0.981806 0.981812 0.981817 0.98182 0.981823 0.981824 0.981823 0.981822 0.98182 0.981817 0.981814 0.981809 0.981804 
0.692416 0.790897 0.858449 0.901024 0.927296 0.94372 0.954283 0.961308 0.966138 0.969564 0.972063 0.973932 0.975361 0.976474 0.977356 0.978064 0.97864 0.979114 0.979508 0.979838 0.980117 0.980354 0.980556 0.98073 0.98088 0.98101 0.981123 0.981222 0.981308 0.981384 0.98145 0.981509 0.981561 0.981606 0.981647 0.981682 0.981713 0.981741 0.981765 0.981786 0.981804 0.98182 0.981834 0.981845 0.981855 0.981863 0.98187 0.981875 0.981879 0.981881 0.981883 0.981883 0.981882 0.981881 0.981878 0.981875 0.981871 0.981866 0.98186 0.981854 0.981847 
